Found 525 materials
  mat_id   num_points        num_obs
     413           29         16,854
     256          625        362,533
     381          643        372,063
     420          660        386,463
     380          708        412,202
     385          848        487,452
      92        1,067        606,494
     387        2,273      1,290,968
     379        2,324      1,327,384
     386        2,717      1,495,948
     421        3,027      1,749,843
     222        3,127      1,831,764
     418        4,078      2,320,330
     419        4,225      2,475,680
     485        4,410      2,575,440
     378        5,142      2,893,781
     384        5,426      2,991,076
     377        7,601      4,198,191
     519        7,836      4,552,612
     376        9,531      5,252,566
     524       15,745      9,083,400
      59       18,567     10,689,068
     415       19,820     11,127,920
      63       21,170     12,266,152
     484       23,050     13,461,200
     516       24,188     14,081,632
      58       24,322     14,133,669
     416       24,655     14,059,616
      90       25,197     14,555,391
     472       28,478     16,631,152
     464       29,898     17,460,432
     383       33,412     18,041,197
     417       35,678     19,545,502
     250       36,069     21,041,278
      66       36,252     21,284,708
     426       37,430     20,679,737
     523       41,066     23,963,080
     463       41,892     24,381,144
     395       55,611     30,497,107
     371       56,397     29,391,717
     528       57,636     33,451,963
      60       58,700     34,054,717
     461       59,441     34,535,221
     465       61,529     35,871,407
     391       62,102     34,402,564
     473       62,338     36,405,392
      57       64,451     37,469,607
      30       64,906     37,530,350
      67       65,970     38,548,649
     388       70,433     39,515,324
     392       73,073     41,150,207
     501       75,017     43,791,952
     354       77,393     41,135,759
     411       77,458     42,632,513
     409       78,085     42,790,816
     374       79,543     45,256,879
     425       80,357     44,976,009
     401       82,225     38,895,385
     526       83,288     48,356,881
     394       83,566     47,115,196
     406       85,248     46,420,386
     405       90,909     49,765,096
     404       95,247     51,316,161
     399       97,616     53,040,397
      50       98,280     57,200,141
     375       98,582     53,394,127
     403      100,743     58,009,482
     408      101,658     56,968,212
     389      102,857     55,964,835
      77      104,832     60,638,125
     517      105,078     60,992,088
     373      105,703     57,317,945
     412      106,483     57,097,426
      64      108,046     63,370,896
     490      110,115     63,866,699
     293      110,335     63,914,361
      87      111,621     64,868,724
     398      115,483     63,767,852
     224      116,148     67,745,317
     502      116,287     67,633,309
     265      118,712     68,499,308
      41      119,484     70,018,133
      88      121,356     70,681,349
     407      121,867     69,576,420
     525      122,308     72,123,858
     529      122,691     71,723,164
      85      126,977     73,625,520
     358      127,412     69,540,081
     397      128,713     72,197,428
     478      129,376     75,943,712
     352      129,548     72,100,589
      69      130,204     76,489,936
     496      132,868     78,126,371
     206      134,051     78,136,876
     302      136,802     80,025,963
     367      138,969     74,242,677
     194      139,919     82,272,372
     382      140,898     75,910,907
      76      143,111     82,910,838
     414      144,651     81,426,150
     369      145,289     80,826,450
     205      145,439     85,215,939
     505      145,671     85,188,532
     462      146,470     85,392,010
     468      146,719     86,417,491
     359      147,991     84,771,878
      56      150,249     87,109,025
     356      150,788     85,372,570
     200      150,976     87,250,850
     393      151,311     83,995,712
     105      151,330     75,292,328
     355      152,199     87,742,856
     396      152,979     86,608,112
     410      156,033     88,549,117
      96      158,599     92,143,980
     364      160,075     92,200,124
     400      160,385     86,155,927
     504      160,478     93,830,255
     503      161,575     94,480,410
     507      162,788     95,180,163
     521      165,154     96,211,734
     362      165,991     94,793,492
     368      167,695     92,974,822
     522      168,181     97,475,531
      84      169,348     98,303,744
     390      170,908     96,410,272
     370      170,969     94,921,705
     115      172,704    101,771,487
     530      172,749    100,651,053
     365      174,284     98,681,488
     357      178,036     98,845,766
     114      178,686    106,424,667
     353      184,482    101,150,182
     518      184,667    108,324,432
     372      185,820    107,184,998
      98      187,597    108,680,589
     169      190,424    111,969,312
     457      191,622    112,290,492
     510      194,869    113,740,822
     506      196,095    114,446,590
     480      196,602    114,029,160
     231      201,095    116,874,922
     477      202,323    118,156,632
     193      202,427    119,431,930
     508      203,511    118,962,872
     497      204,415    119,582,775
     515      204,607    118,380,442
     100      206,512    102,802,374
     455      207,191    120,585,162
     103      209,079    104,174,152
      82      209,229    121,750,920
     441      210,197    123,385,639
     303      211,113    121,806,416
     110      211,278    125,428,636
     469      211,680    122,562,720
     361      214,751    121,971,412
     213      215,403    125,773,743
     448      215,734    127,283,060
     474      216,690    126,546,960
      39      217,419    125,758,964
     471      217,548    127,918,224
     167      217,731    126,283,980
     204      217,908    126,371,373
     514      218,329    126,343,198
     436      218,433    128,657,037
     479      222,120    129,940,200
     434      223,017    129,795,894
     191      224,201    132,502,791
     430      224,227    132,069,703
     453      225,166    131,046,612
     366      226,038    129,776,327
     466      226,386    131,530,266
     402      226,416    126,641,471
     157      226,453    132,927,911
     277      227,051    131,786,667
     456      227,431    133,047,135
     422      227,665    130,408,195
     511      227,918    132,822,743
     495      227,953    133,352,430
     306      228,702    133,103,047
     454      229,563    133,835,229
     470      229,619    134,327,115
     444      230,024    135,254,112
     433      231,451    136,324,639
     349      231,721    134,856,343
     431      234,665    138,217,685
     492      235,345    136,264,755
     445      235,759    137,447,497
     491      237,604    137,335,112
      29      239,593    139,754,098
     446      239,680    139,493,760
     313      242,776    142,499,997
      32      243,506    141,096,480
     120      244,511    145,238,060
      95      244,889    141,852,292
     432      245,238    144,445,182
     429      246,386    144,628,582
     363      247,325    142,491,407
      73      248,778    142,992,603
     328      248,994    145,651,608
     321      248,999    145,663,236
      31      249,535    144,645,284
      54      250,092    143,665,298
     118      250,854    150,406,859
     179      251,111    148,406,601
     527      252,168    147,190,167
     253      255,192    149,356,400
      61      256,150    150,553,083
     171      256,732    150,958,416
     154      257,117    150,927,679
     117      258,353    154,256,471
     195      258,744    151,882,728
     228      259,075    150,604,707
     360      260,066    144,891,411
     102      261,297    130,188,111
     104      261,371    130,178,324
     476      261,688    153,872,544
     481      262,338    152,943,054
     512      262,658    152,226,072
     498      263,008    154,648,704
     509      263,237    154,692,655
     459      263,255    152,951,155
     449      263,853    155,673,270
     202      265,255    155,158,941
     106      265,989    132,429,180
     424      266,527    155,177,923
     175      269,823    155,418,048
     330      270,550    159,350,233
     460      271,394    159,036,884
     101      272,746    135,875,614
     500      272,997    159,976,242
      55      273,114    157,837,853
     164      273,514    158,638,040
     192      273,531    161,109,759
     308      273,579    160,041,675
     428      273,715    160,670,705
     168      273,935    160,251,975
     184      276,895    162,260,470
      28      277,194    159,521,688
     170      277,830    162,530,550
     174      278,653    162,733,352
     435      279,093    163,269,405
     489      280,314    163,983,690
     458      280,389    162,345,231
     292      280,478    162,830,909
      40      280,709    162,805,407
      78      280,790    162,045,534
      89      281,132    164,642,017
     196      281,284    164,832,424
     488      281,325    161,480,550
     119      281,528    168,512,981
      24      283,286    164,347,660
     113      284,041    170,155,806
     427      284,536    167,022,632
     520      284,634    165,820,616
     451      285,066    164,768,148
     197      285,582    156,784,518
       3      286,185    131,847,651
     326      286,724    168,011,933
     166      287,056    166,205,424
      26      287,700    167,347,828
     452      287,913    166,701,627
     172      288,299    169,519,812
     159      288,615    167,973,930
     125      288,659    170,695,361
     165      289,771    169,805,806
     438      289,850    168,692,700
     155      290,477    169,638,568
     173      290,735    170,661,445
     208      291,283    169,214,302
      75      291,828    169,017,698
     131      292,041    171,719,911
      71      292,348    168,558,162
      62      293,010    169,815,511
     266      293,151    170,475,371
     442      293,314    171,002,062
      70      293,332    169,520,567
     486      293,434    170,485,154
     182      294,198    173,871,018
      74      294,258    170,969,449
     158      294,550    172,017,200
     229      294,824    174,046,236
     109      294,976    170,288,265
     185      295,152    174,434,832
      94      295,159    169,618,056
     181      295,602    174,700,782
     467      295,850    172,480,550
      65      296,441    174,124,278
     350      296,666    172,054,598
     190      296,853    174,846,417
     493      297,021    171,678,137
     482      297,571    172,888,751
     112      298,057    176,955,577
     123      298,453    176,139,851
      15      298,545    172,254,115
     108      298,682    148,917,345
     129      299,025    177,000,436
      79      299,043    173,366,106
     494      299,310    174,497,730
     219      299,629    175,564,901
     147      299,927    175,731,560
     310      299,955    175,761,029
     107      301,794    150,246,062
     203      301,829    174,726,710
     183      302,306    177,755,928
     176      303,690    177,658,650
     450      304,266    177,691,344
     294      304,568    176,487,241
     188      304,638    178,517,868
     240      305,436    179,394,028
     187      305,550    179,052,300
     440      305,758    178,868,430
     162      305,866    178,319,878
      21      307,189    176,554,401
     127      307,423    181,703,963
     124      308,034    184,426,921
      93      309,384    177,503,554
     437      310,246    181,183,664
     180      310,574    180,443,494
     163      310,685    181,129,355
      68      311,041    182,812,338
      72      311,369    180,006,368
     475      311,534    182,870,458
     156      312,204    182,951,544
     305      312,398    182,744,967
     499      312,527    181,578,187
      91      312,991    181,883,255
     177      313,251    182,312,082
     160      313,653    180,977,781
     299      314,203    182,447,327
     311      315,360    185,101,781
     142      316,978    185,727,637
     312      317,064    187,061,989
     487      317,108    182,654,208
     178      317,612    185,803,020
     189      317,926    186,940,488
     267      318,016    183,590,060
     133      318,731    186,603,250
     116      318,819    190,222,846
     351      318,899    186,229,031
      80      319,324    185,526,426
     291      320,481    186,994,934
     443      320,897    185,157,569
     186      321,283    189,235,687
     128      322,013    190,977,105
     161      322,300    188,867,800
     251      322,304    187,640,389
     483      322,467    187,353,327
     121      323,575    191,751,647
     301      326,462    190,635,262
      83      326,784    188,791,533
     207      326,785    190,171,885
     289      326,923    188,450,133
     149      327,060    191,806,554
     315      327,577    192,284,260
     150      327,628    191,443,624
     297      328,158    192,449,651
     282      329,254    190,145,019
      45      329,609    191,937,625
     252      329,796    193,055,675
     263      330,063    194,059,051
     309      330,341    191,592,163
     319      331,144    193,385,921
     281      331,778    191,880,207
      18      331,858    194,248,223
     324      332,545    193,203,668
      13      333,381        333,381
     220      333,425    195,190,072
     337      334,231    192,847,218
      36      334,468    193,692,517
     269      334,778    195,971,183
      99      334,970    193,523,109
     307      335,928    195,163,560
     122      336,745    198,450,970
     318      337,073    196,170,571
     135      337,105    197,080,995
      12      337,899    145,850,751
     340      338,150    197,472,504
     140      338,289    195,718,548
      86      338,944    197,838,069
     247      339,471    196,311,357
     339      339,613    199,684,669
     258      340,067    198,705,524
     336      340,162    197,969,513
      81      340,978    197,211,639
     248      341,057    199,311,042
     201      341,516    198,045,656
     323      341,948    201,057,885
     331      342,285    200,917,301
     254      342,579    200,158,466
     304      343,264    200,104,354
      53      343,450    199,395,593
     345      343,703    200,705,127
     134      343,729    201,375,110
      97      344,109    199,359,013
     138      344,575    200,836,848
     346      344,582    201,229,141
     342      345,573    202,492,694
     227      345,947    202,454,535
       4      345,965    159,580,055
     137      346,065    202,564,760
     130      346,074    205,784,512
     322      346,277    203,258,594
     255      346,457    202,127,866
      42      347,563    202,579,065
     272      349,083    202,609,553
      25      349,171    200,398,041
     141      349,650    202,746,185
     198      351,044    206,471,324
     199      351,364    207,127,234
     316      351,752    207,523,227
     279      352,650    205,729,309
     335      352,877    207,482,802
     132      353,372    206,871,403
     275      353,473    205,500,964
     320      355,117    208,091,294
     343      355,600    209,082,948
     347      355,703    209,140,938
     296      357,466    207,467,481
     235      357,794    209,085,133
     332      358,684    209,467,196
     230      360,517    209,919,864
     259      360,883    211,583,089
      34      361,433    209,889,975
     274      361,815    211,819,214
     273      363,127    212,626,713
     286      364,402    210,779,876
       8      364,718    169,140,209
     288      364,729    210,967,350
     280      365,614    211,085,092
     264      365,972    213,664,606
     136      366,387    214,127,271
     333      367,218    215,915,753
     139      367,844    216,402,923
     143      368,799    215,170,859
     146      369,236    212,279,845
     290      370,301    216,787,620
     209      371,071    214,823,537
     126      371,578    203,001,593
     145      371,844    215,817,018
     295      373,132    217,709,626
     242      373,487    216,410,460
      52      376,320    218,516,340
     348      377,759    222,492,297
      27      378,193    203,508,125
     268      379,789    222,724,402
     325      379,805    223,319,735
     341      380,114    223,481,395
      35      381,011    220,531,266
     234      381,255    221,626,973
     285      381,606    221,506,598
     144      382,629    222,361,766
     334      383,118    222,964,992
     148      386,905    225,392,581
     271      387,367    225,209,672
     212      387,736    226,777,083
       5      389,240    183,825,337
     260      390,194    227,621,462
     262      390,673    227,723,879
     245      391,941    228,716,511
     276      395,077    230,101,157
     344      395,098    230,716,073
     439      396,065    231,301,960
     257      396,753    231,441,350
       7      396,762    180,811,306
     317      396,916    232,579,798
     246      397,962    231,890,794
     314      398,446    233,477,298
      43      399,564    234,424,266
     284      400,335    230,816,391
     270      400,455    229,981,139
      48      400,715    233,060,152
     233      402,626    233,699,296
     152      404,337    233,455,676
     153      405,404    233,078,473
      11      405,864    172,356,122
     238      407,257    237,132,585
     329      408,263    238,014,173
      37      408,305    237,646,577
     232      408,859    237,744,147
     218      409,877    238,529,324
     300      411,142    238,028,080
     338      411,373    241,047,072
     243      412,268    242,278,523
     241      413,646    242,011,231
     151      416,096    239,650,584
     216      419,217    244,789,888
     327      425,883    250,833,833
     221      425,891    249,696,948
     225      426,110    250,235,618
       2      426,661    193,263,259
     287      428,186    246,811,268
     223      428,330    250,738,857
      51      432,162    249,623,051
     215      434,405    253,664,251
     217      434,773    255,153,174
     237      439,440    255,898,050
       1      441,198    207,736,822
     278      441,332    256,956,507
     211      447,937    260,662,427
      47      448,409    262,706,592
       9      451,582    209,058,398
     214      452,914    264,470,743
     236      452,975    265,995,243
     244      453,150    264,405,787
     283      453,176    260,773,521
     261      455,111    267,259,431
     210      456,581    266,153,323
      17      456,697    265,785,370
     226      464,342    270,832,236
       6      465,576    219,934,245
      14      467,517    271,431,046
      38      477,329    276,815,838
      19      479,625    277,428,692
      46      483,678    281,991,221
       0      492,876    228,865,715
     298      495,798    288,715,922
     239      496,231    291,510,597
      10      502,034    304,842,752
      33      505,859    292,895,514
      44      509,935    299,283,164
      16      512,511    298,010,987
      20      545,344    315,052,177
      49      582,871    339,155,620
      22      730,490    423,740,952
